10 4 8 36
60 50 4 100
10 87 47 20
22 61 85 38
56 25 39 69
35 84 78 27
37 2 68 21
91 75 93 59
81 57 75 34
66 53 88 95
97 63 31 66
52 17 54 57
59 66 62 97
83 27 53 82
99 69 36 43
51 43 1 96
25 68 43 49
97 85 68 78
8 41 26 100
97 52 48 16
100 72 46 72
36 92 20 95
42 49 66 75
62 35 10 23
53 80 23 89
25 22 51 32
30 13 75 87
46 37 0 55
61 94 72 70
60 98 27 48
75 19 68 90
13 36 1 1
32 34 72 0
67 96 8 53
98 98 38 94
34 88 65 59
39 35 34 71
13 42 95 4
79 55 64 35
65 88 4 38
83 65 18 14
7 30 4 12
41 26 29 14
31 49 93 81
82 56 20 57
11 83 67 34
94 87 39 1
83 29 16 76
82 2 15 52
14 78 30 58
81 9 4 16
15 14 15 51
4 47 5 95
11 39 73 66
53 80 58 26
72 94 4 68
46 98 55 51
46 86 73 18
89 6 69 33
18 73 93 1
9 94 30 24
67 74 17 61
46 17 98 59
14 81 17 95
100 63 90 59
11 96 57 89
77 61 63 69
33 8 29 76
97 41 74 31
55 30 12 0
71 67 29 99
78 3 62 52
61 77 23 26
0 59 37 57
61 7 84 6
18 7 52 78
57 12 57 35
64 56 98 2
88 25 46 95
57 1 49 9
23 70 40 93
47 24 90 19
24 86 75 69
19 64 27 79
82 26 72 72
21 93 74 72
58 3 76 85
1 47 43 93
11 49 94 62
48 4 66 83
91 57 83 80
89 89 66 2
72 74 99 8
28 74 30 50
80 11 57 40
74 53 20 18
75 36 93 70
77 4 51 26
21 93 66 65
76 27 66 21
97 18 33 59
90 64 68 15
36 31 38 75
28 62 21 6
13 99 53 90
71 61 77 95
40 2 34 68
34 29 73 36
90 60 99 92
32 42 24 38
61 89 48 40
22 4 98 22
82 26 24 64
7 66 25 89
27 46 82 29
63 26 22 44
76 42 24 96
10 6 79 91
89 2 35 66
83 53 49 93
1 64 86 95
46 52 60 60
64 64 41 60
0 12 39 66
89 42 17 77
85 35 60 62
36 84 42 75
14 91 80 85
93 81 75 90
77 85 13 73
10 100 25 74
92 72 93 36
45 42 64 39
82 26 79 53
95 20 29 82
58 90 27 48
31 17 52 9
59 18 66 90
41 66 36 25
62 82 3 91
57 25 69 77
68 46 81 38
49 27 56 82
17 15 8 58
34 99 46 47
81 13 70 20
49 8 68 22
36 41 5 27
55 14 98 95
76 43 71 6
49 71 36 34
64 40 35 9
92 17 40 73
6 24 54 84
4 37 30 93
51 35 47 1
69 23 18 85
33 73 52 97
29 57 78 42
53 5 25 91
0 71 83 80
56 57 12 9
37 33 1 95
80 63 69 81
90 90 5 1
90 58 100 89
80 88 70 22
84 52 49 7
32 24 64 87
42 22 42 50
14 12 42 30
78 54 9 89
39 70 86 76
89 29 79 1
59 82 63 58
31 44 15 85
19 85 49 97
4 16 74 66
70 3 27 98
5 36 67 86
5 29 32 93
33 22 9 33
14 77 33 98
72 56 63 62
70 15 20 62
9 7 88 58
25 18 20 58
84 22 78 4
53 36 11 30
14 70 0 25
61 63 58 6
55 73 11 4
64 36 99 17
89 85 56 40
3 0 100 37
44 95 81 25
48 2 83 1
91 25 81 3
25 22 36 42
0 18 82 1
29 74 68 53
80 52 18 34
83 41 21 51
5 73 91 58
22 76 61 57
36 17 61 66
98 18 69 62
78 58 1 38
50 32 51 91
50 82 63 63
58 78 26 80
60 81 46 48
8 75 8 30
58 5 58 49
41 48 46 1
37 3 60 66
88 87 80 0
75 3 7 62
90 73 16 48
74 92 69 25
31 65 64 52
75 66 19 66
28 13 11 61
12 4 10 23
57 98 46 31
86 83 56 32
8 62 57 24
90 100 55 16
73 58 98 32
47 27 66 80
46 75 91 10
33 84 21 59
13 56 38 32
3 35 9 48
12 17 19 61
18 91 58 87
70 18 37 96
63 78 25 31
45 62 11 96
40 50 38 66
2 98 61 46
91 12 36 54
21 53 47 34
96 33 92 78
96 46 86 46
90 67 63 83
5 73 53 33
95 81 90 32
52 49 54 56
47 9 73 13
86 56 35 77
8 61 87 56
25 10 52 25
95 95 13 65
76 92 2 93
85 42 29 85
23 91 61 81
82 21 56 16
65 95 80 32
37 16 55 52
32 20 49 20
86 70 77 73
65 1 36 85
63 72 62 93
70 10 14 15
92 68 26 99
61 65 85 78
29 87 59 49
67 93 45 62
41 54 50 37
81 88 4 7
86 61 5 75
85 80 25 78
34 0 36 85
13 64 22 95
86 28 79 29
13 99 70 100
7 75 4 7
30 94 61 29
1 18 38 75
37 79 2 33
48 76 55 98
84 99 33 100
100 84 47 37
33 83 18 15
52 2 75 23
18 9 3 21
99 25 58 47
36 47 68 44
50 81 67 74
62 5 78 7
63 39 13 14
85 53 45 51
57 71 46 0
54 13 33 19
97 46 26 69
20 63 43 44
94 98 22 41
8 9 45 30
13 17 35 40
43 44 44 36
32 59 82 68
41 80 45 56
47 54 58 0
37 7 57 33
8 70 49 14
39 2 68 88
25 33 92 59
80 95 33 90
72 86 21 21
26 11 82 27
5 11 87 20
53 93 44 77
15 34 56 50
65 95 76 97
84 30 36 91
56 14 72 96
16 32 16 46
71 51 13 4
25 73 91 64
4 30 68 98
73 62 15 33
32 31 0 8
67 62 40 74
62 27 37 33
3 1 14 94
64 93 96 1
24 41 8 87
62 64 24 74
34 69 73 17
17 74 47 14
50 52 5 5
42 93 84 94
24 47 100 84
82 52 48 29
61 37 79 36
32 100 81 42
100 100 89 38
36 22 33 93
60 30 67 5
5 65 98 30
97 10 96 77
40 96 77 34
12 38 45 76
44 51 61 29
31 4 22 32
38 56 89 25
18 24 27 79
62 18 52 26
92 73 83 68
24 77 66 7
14 30 4 26
12 4 18 69
59 34 29 27
90 77 34 92
0 81 27 11
45 49 25 15
59 10 50 35
10 37 78 4
55 6 73 46
63 37 31 91
57 85 17 70
81 27 93 53
4 45 14 44
54 25 98 57
65 79 83 91
90 36 69 77
45 50 41 92
10 81 28 9
94 25 52 55
63 22 36 17
3 93 94 42
57 97 46 76
80 50 52 95
27 42 40 20
69 50 33 40
95 15 61 4
61 79 87 24
19 28 51 21
86 16 0 53
66 39 85 1
99 15 51 49
56 24 13 59
15 22 15 55
95 86 39 0
1 51 14 81
73 91 73 11
21 36 50 96
27 49 73 34
46 85 95 43
62 1 18 9
15 84 25 19
15 43 34 54
72 90 2 7
71 35 38 52
48 86 82 33
89 89 76 14
31 69 27 63
94 25 45 79
67 19 22 76
53 55 61 54
37 54 52 46
14 82 61 25
82 9 17 0
2 58 100 64
4 2 71 26
26 32 10 8
36 88 33 65
80 12 87 63
87 40 89 26
50 99 8 81
14 46 80 63
42 60 0 26
53 96 1 57
49 80 29 67
12 41 50 32
77 41 11 44
82 99 95 20
77 97 89 14
81 28 19 65
67 8 70 29
13 23 66 11
37 13 27 83
46 100 96 31
23 58 81 68
6 18 84 93
12 52 16 76
31 16 48 64
51 60 81 17
56 11 21 21
48 29 63 17
93 7 86 68
47 64 72 63
72 5 98 43
61 74 23 70
4 64 67 77
59 95 29 67
6 16 64 28
53 70 85 27
38 41 37 80
10 17 47 8
10 88 64 67
76 15 63 41
45 72 19 34
54 17 23 94
56 85 32 63
77 75 70 91
80 10 83 5
22 29 65 100
54 60 35 88
23 72 10 47
84 75 33 43
69 29 41 42
1 95 4 96
96 47 8 35
12 68 47 97
72 34 55 51
78 84 22 33
23 95 33 95
34 3 31 15
27 57 95 26
52 87 36 30
99 88 62 69
17 6 13 0
12 42 98 22
54 8 29 68
98 2 3 64
70 47 90 54
93 88 37 63
39 12 84 66
94 33 21 53
46 41 91 74
35 4 70 53
23 96 15 85
32 26 91 48
74 92 1 43
56 38 26 71
40 0 25 79
40 11 68 86
78 79 69 73
38 62 63 29
61 81 75 61
25 81 21 93
81 53 11 75
29 28 6 100
28 73 96 26
44 98 60 92
81 99 8 77
26 28 83 46
27 71 8 97
87 85 19 18
45 15 12 96
63 44 41 9
14 1 85 3
34 76 27 61
83 92 11 0
38 0 31 19
97 33 54 69
43 36 3 7
3 66 22 40
