23 24 25
60 37 34
69 36 26
30 68 47
5 97 87
23 61 35
85 37 58
18 56 86
23 59 87
15 25 69
35 85 99
94 11 16
60 44 28
40 89 93
25 17 84
64 13 59
16 42 64
64 46 29
31 47 31
26 73 97
63 11 76
17 26 78
49 78 12
14 52 27
28 28 10
53 69 76
24 17 72
46 78 43
16 14 52
14 88 89
45 8 95
91 45 69
35 85 93
15 23 29
11 22 47
15 89 31
40 63 14
83 26 97
86 20 43
47 51 69
60 96 12
61 19 10
5 35 4
27 27 84
9 24 2
97 87 87
5 69 17
98 29 52
32 72 19
73 20 11
77 12 96
94 16 70
73 61 27
17 71 35
30 46 69
0 93 35
17 77 25
27 4 45
98 94 94
10 83 58
17 4 33
44 14 69
100 21 45
28 18 34
11 1 41
100 81 95
43 11 55
42 17 81
14 30 6
2 36 15
100 19 67
100 32 4
53 63 12
63 25 23
7 17 19
98 23 37
38 42 14
70 59 52
99 7 21
58 97 73
3 87 67
58 70 66
2 90 30
81 90 19
71 17 1
35 10 74
61 5 37
34 49 60
11 15 8
33 64 22
3 63 83
18 67 4
60 10 52
100 49 90
77 91 33
68 92 54
83 36 38
55 77 2
89 59 77
47 34 83
